
ATOM
comment = D.E. Williams, J. Chem. Phys. 47, 4680 (1967); doi: 10.1063/1.1701684
name = C_FWL4
atnum = 6
A = 349907.9
B = 36.00
C = 2.3765E-03

ATOM
name = H_FWL4
atnum = 1
A = 11104.3
B = 37.40
C = 1.1422E-04

ATOM
comment = D.E. Williams, J. Chem. Phys. 47, 4680 (1967); doi: 10.1063/1.1701684
name = C_FWL7
atnum = 6
A = 258989.6
B = 36.00
C = 2.1129E-03

ATOM
name = H_FWL7
atnum = 1
A = 10999.7
B = 37.40
C = 1.3514E-04